Input source 1: random numbers

alpha        linear     double
______________________________
.5           1.496      1.378
.6           1.739      1.530
.7           2.185      1.716
.8           2.985      2.013
.95          11.652     3.156
.98          27.308     4.032
.99          42.546     4.658


Input source 2: current time

alpha        linear     double

______________________________
.5           1.0        1.0
.6           1.0        1.0
.7           1.0        1.0
.8           1.0        1.0
.95          1.0        1.0
.98          1.0        1.0
.99          1.0        1.0


Input source 3: word-list

alpha        linear     double

______________________________
.5           1.596      1.390
.6           2.149      1.534
.7           3.603      1.721
.8           6.708      2.016
.95          110.594    3.186
.98          324.209    4.019
.99          471.675    4.695